Strand	Read	Position	nMethylated	nUnmethylated
OT	1	1	70091	30894
OT	2	1	16455	9710
OT	1	2	19933	7408
OT	2	2	8191	3900
OT	1	3	2933	1561
OT	2	3	4989	2468
OT	1	4	6418	4537
OT	2	4	6447	3646
OT	1	5	12979	4142
OT	2	5	6173	2858
OT	1	6	7089	2794
OT	2	6	6504	3059
OT	1	7	9680	3705
OT	2	7	6040	3097
OT	1	8	7985	3212
OT	2	8	5928	3073
OT	1	9	6371	2997
OT	2	9	5358	2672
OT	1	10	6349	3189
OT	2	10	5514	3026
OT	1	11	9944	3800
OT	2	11	5678	2892
OT	1	12	4674	3023
OT	2	12	8025	3424
OT	1	13	8328	3812
OT	2	13	6962	3482
OT	1	14	8697	3898
OT	2	14	7431	3420
OT	1	15	5401	2817
OT	2	15	6831	3566
OT	1	16	6192	2731
OT	2	16	6871	3168
OT	1	17	7708	2964
OT	2	17	7177	3305
OT	1	18	12644	4552
OT	2	18	6423	2905
OT	1	19	4822	2896
OT	2	19	5957	2975
OT	1	20	4962	2804
OT	2	20	7952	3127
OT	1	21	4916	2889
OT	2	21	5293	2831
OT	1	22	5115	3005
OT	2	22	7317	3097
OT	1	23	4577	2648
OT	2	23	5805	2901
OT	1	24	5157	2825
OT	2	24	7166	3290
OT	1	25	6439	3135
OT	2	25	6074	3163
OT	1	26	10368	3423
OT	2	26	6372	3066
OT	1	27	5528	3006
OT	2	27	7329	3220
OT	1	28	5668	2734
OT	2	28	5372	2781
OT	1	29	5168	2836
OT	2	29	4994	2697
OT	1	30	5576	2809
OT	2	30	5376	2888
OT	1	31	6987	3266
OT	2	31	6103	2948
OT	1	32	8124	3448
OT	2	32	6418	3109
OT	1	33	7884	3185
OT	2	33	5815	2939
OT	1	34	7433	3365
OT	2	34	6193	2970
OT	1	35	5495	2581
OT	2	35	5566	2777
OT	1	36	8727	3099
OT	2	36	6302	3191
OT	1	37	6446	2888
OT	2	37	6758	3115
OT	1	38	8310	3156
OT	2	38	5482	2793
OT	1	39	5013	2790
OT	2	39	7690	3453
OT	1	40	6093	3062
OT	2	40	5867	2767
OT	1	41	6192	2858
OT	2	41	7893	3098
OT	1	42	5239	3086
OT	2	42	5741	2929
OT	1	43	5356	2737
OT	2	43	6860	3294
OT	1	44	5510	2746
OT	2	44	8694	3596
OT	1	45	6426	3089
OT	2	45	7005	3203
OT	1	46	6526	3129
OT	2	46	7057	2883
OT	1	47	5139	2641
OT	2	47	5933	3162
OT	1	48	5102	2683
OT	2	48	5413	2732
OT	1	49	5378	3031
OT	2	49	5171	2961
OT	1	50	7435	3216
OT	2	50	5588	2782
OT	1	51	6129	2912
OT	2	51	8498	3381
OT	1	52	7216	2999
OT	2	52	6547	2835
OT	1	53	6186	2862
OT	2	53	5051	2808
OT	1	54	5806	2555
OT	2	54	4551	2571
OT	1	55	7363	3083
OT	2	55	4804	2607
OT	1	56	5026	2614
OT	2	56	4659	2518
OT	1	57	6915	2702
OT	2	57	4463	2588
OT	1	58	6170	2662
OT	2	58	4471	2409
OT	1	59	6358	2488
OT	2	59	8937	3687
OT	1	60	6090	2682
OT	2	60	6588	2583
OT	1	61	6376	2856
OT	2	61	5463	2513
OT	1	62	6987	3022
OT	2	62	4660	2555
OT	1	63	8309	3268
OT	2	63	4714	2337
OT	1	64	5489	2756
OT	2	64	7222	3463
OT	1	65	7360	2889
OT	2	65	4441	2368
OT	1	66	4767	2256
OT	2	66	7627	3318
OT	1	67	5168	2534
OT	2	67	4835	2584
OT	1	68	4277	2259
OT	2	68	7691	2668
OT	1	69	4784	2753
OT	2	69	6487	2685
OT	1	70	4183	2599
OT	2	70	7140	2648
OT	1	71	5260	2593
OT	2	71	5847	2259
OT	1	72	4377	2380
OT	2	72	6725	2693
OT	1	73	5324	2640
OT	2	73	4895	3270
OT	1	74	4514	2518
OT	2	74	2325	1363
OT	1	75	5041	2348
OT	2	75	13993	5927
OB	1	1	7610	3825
OB	2	1	15871	7452
OB	1	2	4769	2478
OB	2	2	2795	1524
OB	1	3	6426	3782
OB	2	3	6424	4513
OB	1	4	5688	2858
OB	2	4	13848	4123
OB	1	5	6206	2932
OB	2	5	6441	2894
OB	1	6	5571	2914
OB	2	6	7846	3156
OB	1	7	5354	3516
OB	2	7	7575	3211
OB	1	8	5121	2780
OB	2	8	5739	3053
OB	1	9	5108	2721
OB	2	9	5646	3294
OB	1	10	5749	2774
OB	2	10	8718	3176
OB	1	11	7335	3312
OB	2	11	4853	2787
OB	1	12	6698	3308
OB	2	12	8273	3999
OB	1	13	8364	3351
OB	2	13	9931	4335
OB	1	14	7423	3246
OB	2	14	5189	2791
OB	1	15	6920	3055
OB	2	15	5549	2858
OB	1	16	7194	3206
OB	2	16	7278	3149
OB	1	17	6412	2934
OB	2	17	8662	3680
OB	1	18	6591	2861
OB	2	18	4804	2938
OB	1	19	6975	3145
OB	2	19	4632	2678
OB	1	20	5248	2896
OB	2	20	4852	2792
OB	1	21	7160	3372
OB	2	21	5022	3019
OB	1	22	5894	2874
OB	2	22	4900	2770
OB	1	23	5950	2958
OB	2	23	4987	2730
OB	1	24	7103	3104
OB	2	24	7080	2960
OB	1	25	6705	3351
OB	2	25	9910	3513
OB	1	26	7654	3253
OB	2	26	5945	2912
OB	1	27	5650	3304
OB	2	27	5534	3027
OB	1	28	5113	2633
OB	2	28	5422	2778
OB	1	29	5443	2840
OB	2	29	5980	2843
OB	1	30	6454	3043
OB	2	30	6885	3229
OB	1	31	6571	3122
OB	2	31	6979	3194
OB	1	32	5642	2938
OB	2	32	9026	3471
OB	1	33	5480	2772
OB	2	33	6840	3155
OB	1	34	5266	2971
OB	2	34	5558	2953
OB	1	35	5820	2939
OB	2	35	9131	3065
OB	1	36	6560	3003
OB	2	36	6275	2780
OB	1	37	5551	2781
OB	2	37	8571	3346
OB	1	38	7706	3209
OB	2	38	5320	2799
OB	1	39	5951	2898
OB	2	39	6245	3076
OB	1	40	8026	2899
OB	2	40	6177	3176
OB	1	41	5234	3022
OB	2	41	5798	3116
OB	1	42	7190	3232
OB	2	42	5690	3040
OB	1	43	7502	3251
OB	2	43	5588	2735
OB	1	44	7605	3276
OB	2	44	6471	3084
OB	1	45	6595	2957
OB	2	45	6165	2834
OB	1	46	5452	2735
OB	2	46	5237	2962
OB	1	47	5050	2807
OB	2	47	5145	2843
OB	1	48	5147	2992
OB	2	48	5271	2971
OB	1	49	5903	3091
OB	2	49	7227	3304
OB	1	50	8611	3154
OB	2	50	5804	2846
OB	1	51	6542	2915
OB	2	51	6207	3172
OB	1	52	6130	2988
OB	2	52	7354	3221
OB	1	53	4997	2658
OB	2	53	5895	2786
OB	1	54	5271	2929
OB	2	54	7489	2761
OB	1	55	4901	2711
OB	2	55	5580	2687
OB	1	56	5162	2673
OB	2	56	7529	2857
OB	1	57	4755	2783
OB	2	57	5994	3137
OB	1	58	12018	4350
OB	2	58	5986	2756
OB	1	59	6848	2872
OB	2	59	6337	3066
OB	1	60	6379	2750
OB	2	60	6782	2845
OB	1	61	5164	2586
OB	2	61	6677	3131
OB	1	62	4995	2483
OB	2	62	7100	2716
OB	1	63	7130	3341
OB	2	63	5773	2797
OB	1	64	4990	2649
OB	2	64	8147	3115
OB	1	65	9352	2949
OB	2	65	5507	2469
OB	1	66	5740	2898
OB	2	66	5397	2499
OB	1	67	8233	2716
OB	2	67	4758	2536
OB	1	68	9172	2890
OB	2	68	6819	2977
OB	1	69	8807	2908
OB	2	69	5419	2756
OB	1	70	6554	2562
OB	2	70	6078	2668
OB	1	71	7437	3193
OB	2	71	4415	2678
OB	1	72	5652	3651
OB	2	72	5838	2394
OB	1	73	2909	1688
OB	2	73	4954	2463
OB	1	74	17172	5973
OB	2	74	5928	2846
OB	1	75	60089	23260
OB	2	75	6466	2712
